[###.#.] (1,3,5) (0,2,5) (1,3) (2,3,5) (0,2,4) (0,1,2,4) {44,25,63,29,33,40}
[.#..#] (0,1,2) (0,2,4) (0,2,3) (3,4) {157,11,157,141,5}
[####.##.] (0,1,4,5,6,7) (1,3,5) (1,7) (0,5,6) (1,6) (0,5) (0,3,4,6,7) (0,1,3,4,5,6) (0,1,2,4,6) (4,5) {26,55,3,15,30,51,27,26}
[.#.##] (0,1,3) (3,4) (0,1,2,3) (0,1,2,4) (1) (1,2,4) (1,4) {29,62,39,28,57}
[#......#] (0,7) (1,2,4,6,7) (0,1,3,4,5,7) (0,1,2,3,5,6) (1,2,6,7) (1,2,5) (1,2,3,6,7) (3,4) {187,222,214,211,36,185,213,48}
[.#.#] (0,2) (1,3) (0,3) (1,2) (1) (3) {26,175,20,180}
[..##] (2) (1,3) (3) (0,2,3) {17,13,19,35}
[.#.#] (0,2,3) (1,3) {16,14,16,30}
[.#.....#] (0,1,3,4,5,7) (0,2,3,4,5,6,7) (0,4,5,6) (0,1,3,4,5) (1,4,7) (2,3,5,6,7) (1,3) (0,3,4,5,6) (4,7) {165,42,14,161,199,166,148,50}
[#.#####] (0,1,3,5,6) (2,3,4,5,6) (0,3,4,5,6) (1,4) (2,3,4,6) (3,4,5) (1,2,3,5,6) (0,3,4) {40,47,25,83,68,65,48}
[..##.#] (0,2) (1,3,4) (2,3,5) (1,2,4) (0,1,4,5) (1,2,3,4,5) (0,5) (1,2) {38,167,178,138,154,148}
[.###.] (0,1,3,4) (2,4) (1,3,4) {20,35,20,35,55}
[#.##] (3) (1,3) (0,3) (0,2) (0,1,3) (0) {42,36,8,56}
[#.#.#] (0,1,2) (1,3,4) (0,1) (1,3) (2,4) (0,1,4) (1,2,4) {28,50,33,6,46}
[##.##.] (0,2,3,4) (2,4) (3,4,5) (0,1,4,5) (0,1,2,4) (0,1,2,3) {36,28,27,19,48,23}
[##..###] (0,1,3,4,5) (0,3) (2,3,5) (1,2,4,6) (1,4,5) (1,2,3,6) (0,2,4,5,6) {30,50,48,39,51,42,38}
[###.] (0,1,2) (0,1,2,3) {152,152,152,20}
[####..] (0,1,2,4) (1,3) (1,5) (0,2) {24,31,24,3,17,11}
[....#.##] (0,7) (2,4,7) (5) (1,4,5,7) (0,2,3,4) (1,2) (0,1,2,3,4,5,6) (3,6) (5,6) (0,2,3,4,5) {24,27,38,32,57,36,21,41}
[#.#.#] (0,3,4) (0,4) (1,3,4) (0,2) (3,4) (1) {141,15,4,39,163}
[#.###..] (1,4,5) (3,5) (2,6) (0,1,3,4,5,6) (0,2,3,4) (3,4,5,6) (6) {13,14,11,37,38,38,44}
[#..####.#] (0,1) (0,3,4,6,8) (1,2,3,4,5,6,7,8) (0,2,3,4,5,6) (1,2) (2,4) (0,2,4,5,8) (1) (0,1,3,6,7,8) (3,7) (6,7,8) {42,36,53,204,53,39,56,206,52}
[.#####..#.] (0,1,2,3,5,8,9) (0,1,2,3,4,7,8,9) (0,1,3,5,6,7,8,9) (4,6) (0,4,6) (0,1,2,3,7) (2,6,7,9) (3,4,8) (3,4,5,7) (0,3,4,9) (3,6,7,8,9) (2,3,5) {96,61,54,102,80,57,67,62,61,84}
[...#.] (2,3) (0,1,3) (0,2) (0,1,2) (0,4) (0) {22,2,31,14,3}
[...###] (0,1,4,5) (2,3) (3) (1,2,3,4,5) (0,1,2) (0,1,3,5) {42,47,28,35,16,31}
[...###..##] (2,3,4,7,9) (0,1,2,3,4,6,9) (3,4,6) (3,8) (0,1,2,3,4,5,9) (1,9) (2,3,5,6,7,8) (0,1,2,4) (0,1,4,5,6,7,8) (0,4,5,6,7,8) (1,4) {33,49,48,63,65,41,55,55,52,35}
[..##.] (1,2) (3,4) (0,3,4) (0,2) (2,3) {15,0,11,24,22}
[..#.###] (0,1,2,3) (0,1,4,6) (0,4,5,6) (0,3,4,6) (2,3,4,5) {53,25,20,40,55,19,44}
[#.#.#.#...] (2,5,8) (0,1,2,3,4) (0,2,4,6) (1,4,5,6,8,9) (3,7,8,9) (0,2,3,5,6,7,9) (3,5,6,8,9) (2,3,4,5,6,7,9) (2,4,5,6,7) {41,14,69,227,51,220,229,60,198,223}
[..###.] (2) (0,2,3,5) (1,4,5) (0,1,3) (1,4) (1,2,3,4) (2,4,5) {25,44,50,34,52,44}
[...#..#] (3,6) (0,3,4,5) (0,2,6) (0,1,2,5) (0,1,2,3,4,6) (1,2,3,4) {38,25,29,44,39,14,29}
[.#..#..#] (0,1,3,4) (4,6) (1,3,4,7) (3,5,7) (3) (0,3,7) (2,4,7) {15,25,19,55,49,11,5,48}
[##...#..#.] (5,6) (1,3,5,7,8,9) (1,3,4,8,9) (2,3,5,7) (2,5) (0,3,5,7,8) (0,4,7,9) (1,2,3,4,5,6,8,9) (1,2,7,8) {25,40,49,52,24,71,29,56,60,27}
[.#.......#] (2,9) (0,1,3,4,7,8) (1,6,8) (0,2,3,4,6,7,9) (7,8) (0,1,3,4,5,6,7,9) (0,1,2,9) (5,6,7) (1,2,3,4,6,8) (1,2,3,4,5,6,8,9) (0,3,5,6,7,8,9) (0,2,3,4,5,6,8) (4,5,6,7,9) {234,68,67,267,70,239,278,236,297,233}
[#.##...#.] (1,2,3,4,5,6,7,8) (0,1,3,5,8) (0,3,5,6) (3,4,5,6) (3,8) (0,6,7,8) (0,1,4,5,6,7,8) (1,2,3,6,7) (0,1,5,6,7) {39,46,18,33,20,34,53,47,34}
[##.#] (2,3) (1) (0,1,3) {9,24,129,138}
[...####] (0,2,3,4,6) (0,1,2,4,5,6) (0,2,4,5,6) (0,1,3,4) (1,4,6) {34,30,18,29,46,5,30}
[##.##] (0,3) (1,3,4) (0,1,2) (0,1,3) (1,4) (2,4) (0,4) {174,55,39,159,43}
[###.] (1,2,3) (0,2) (1,2) (0,1,2) {177,189,203,7}
[..#..] (1,4) (0,3) (2) {4,11,19,4,11}
[#...#] (2,3,4) (1,2,3,4) (0,1,4) (0,1) {14,17,12,12,17}
[.##.####.] (1,2,3,4,5,7,8) (1,2,4,5,6,7) (1,2,3,4,6,7) (4,5) (0,4,5,8) (0,1,2,3,4,5,8) (5,6) (0,1,2,6,7) {10,43,43,19,51,42,41,39,7}
[##...#..] (0,1,3,4,5,6) (0,2,3,6,7) (4,6) (0,1,2,3,4,5) (1,2,3,4,5,7) (3,4,5,6,7) (0,1,2,3,5,6) (1,2,3,5,6) (0,1,3,5,6) (1,2,7) {207,240,65,248,49,242,226,34}
[#..####.#] (1,3,5,6,7) (1,2,4,5,6,7) (0,4,5,6,7) (0,1,2,3,6,7,8) (0,1,2,3,8) (2,3,6) (0,3,5,6,7,8) (2,3,4,6,7,8) {42,58,60,67,51,60,90,84,41}
[#.#####..#] (0,3,7) (1,4,5,6,7,8) (0,1,2,4,5,6,8,9) (6,7) (0,3,6,9) (1,2,3,4) (1,2,5,6,8) (0,3,4,8,9) (0,1,2,3,4,5,7,8) (1,4,5,9) (0,2,3,4,7,8,9) {153,42,41,156,65,32,131,55,39,153}
[####.#.###] (0,2,3,4,5,6,7) (0,3,4,5,6,7) (0,1,2,3,5,7,8,9) (0,1,8) (0,1,2,9) (0,1,2,3,5,6) (1,2,3,4,5,8,9) (0,3,4,5,8,9) (0,2,4,5,6,8,9) {81,65,69,56,44,72,39,33,63,58}
[.#.#.] (0,4) (4) (1,2) (1,3) (1,3,4) (1,2,3) (0,1,4) {19,45,21,19,45}
[#####.##..] (4,5) (1,4,6,7,9) (6) (1,2,8) (7,8) (0,5,6,7,8) (1,2,9) (1,3,5) {9,50,26,14,24,37,36,20,16,30}
[#....####] (0,1,2,3,5,7) (0,3,4,5,7,8) (0,3,5,6,8) (0,2,3,4,5,6,7,8) (1,5,6,7) (0,2,3,6,7,8) (1,2,3,6,8) (0,4,7) (1,2,5) {40,28,39,49,7,33,48,33,42}
[##..#..] (3,4,6) (0,1,3,4,5) (1,3) (1,2) (0,1,4,5) (0,3,4,5,6) (0,1,2,3,4,6) (0,4,5,6) {61,71,25,61,65,47,39}
[.##.#.##.] (0,2,3,4,6,7) (0,2,3,4,7,8) (0,1,2,7) (0,2,3,5,8) (0,6) (1,4,5,6,7) (0,1,2,3,4,6,7) (0,1,2,4,6,7,8) (0,1,8) {73,49,52,31,35,3,28,53,32}
[####..##.#] (0,1,2,3,4,6) (0,7,9) (0,1,2,3,5,6,7,8,9) (1,2,5,6,7,9) (1,3,8,9) (1,2,3,4,5,6,7,8) (1,2,3,6,7,9) (5,6,7,9) (1,2,3,6,7) (1,4,6) {16,95,61,61,32,52,85,65,42,64}
[#...#....] (0,4) (2,3,5,6) (2,4,5,6,8) (0,2,3,7,8) (0,2,3,4,6,7,8) (2,5,8) (1,2,5,6,8) (3,4,5,8) {9,0,27,23,24,33,12,7,37}
[.#.#..##.#] (0,2,3,4,5,7,8) (0,3,4,5,6,8,9) (0,1,2,3,5,6,7,9) (1,2,3,5,6,8) (2,7,8) (0,3,4,5,6,9) (2,4,6,8) (3,7,8) (0,3,4,5,6,7,8,9) (0,1,3,5,7,8,9) {57,30,29,74,36,65,50,52,58,53}
[###.#] (0,1,4) (0,3,4) (2) {20,1,3,19,20}
[..##.#..] (3,4,5) (0,1,2,4,7) (0,2,5,6,7) (0,2,3,5,6) (0,2,4,5,6,7) (2,3,5) {39,1,57,32,27,62,38,31}
[#..##.#..#] (2,3,6,9) (6,7) (2,4,5,8) (0,1,2,5,6,8,9) (3,9) (0,1,3,4,5,8,9) (0,1,2,3,4,5,6,8,9) (0,2,4,5,6) (2,5,8) (1) (0,1,4,6,7,8,9) (0,1,2,4,5,6,7,8) (1,2,6) {65,81,91,28,74,84,83,41,84,40}
[###.#] (0,1,2,4) (3,4) (2,3) (0) (1,4) {37,38,30,20,48}
[#.#.] (0) (2,3) (3) (1,3) {20,1,1,7}
[.###..#.] (0,7) (0,2,4) (3,5,6) (3,5) (2,4,5,6,7) (0,1,3,4,6) (0,3,4,5) (0,6,7) {49,14,13,41,42,37,43,27}
[#.....#] (2,4,5) (0,1,5) (1,6) (2,3,5,6) (2,4) {20,21,35,2,33,36,3}
[####..] (0,1,4,5) (1,2,4,5) (0,1,2,4) (0,1,2,3) (2,4,5) (0,2) {166,52,198,19,46,34}
[...#] (1) (0,1,2) (0,2) (1,3) {201,37,201,16}
[.#####..#] (0,5) (1,6,8) (3) (1,3,5,6,8) (2,5) (4,6) (0,4,5,7) {19,12,4,16,28,35,32,8,12}
[.#.#] (0,2,3) (0,1,3) (0,1) (1,3) (2,3) {38,27,14,23}
[####....] (0,1,2,5,7) (0,2,3,4,6,7) (3,6) (0,1,2,3,4,5,6) (1,6) (4,7) (0,3,4,5,7) (2,5) (1,4,5) {42,45,30,50,63,50,49,51}
[#.#...#] (0,3,4,5,6) (0,1,2,3,4) (0,1,3,4,5) (2,3,4,5,6) (1,2,5,6) (0,1,5) (1,2,4) {183,184,185,186,198,42,36}
[..#.#.##.] (0,2,8) (0,7,8) (7,8) (0,5,8) (2,6) (1,6) (0,2,3,5,7,8) (0,3,5,6,8) (0,2,4,5,7) (0,1,2,3) {59,202,50,27,8,39,221,39,49}
[.#.#######] (2,4) (3,4,6,9) (1,3,4,5,6,7,8,9) (3,4,5,6,7) (0,1,2,3,4,6) (1,2,3,4,5,6,7,8,9) (0,4,8) (0,1,4,5,6,8,9) (0,1,3,4,6,7,8,9) (0,1,2,3,4,5,6,8,9) {54,55,46,250,281,224,254,222,55,51}
[#....] (0,4) (2,3) (1,2,3) (1,4) (0,1,4) {28,130,107,107,44}
[..###] (2,3,4) (1,2,3,4) (0,2,3) (0,1,4) {117,117,22,22,129}
[#.....#..#] (1,3,4,6,8) (0,2,3,4,5,7,9) (2,3,4,8) (0,4,8) (5,7) (6,7) (0,1,3,4,6,7,8,9) (0,1,2,4,5,7,8) {34,38,37,53,64,18,40,47,57,23}
[###.] (0,1,2) (1,3) {7,7,7,0}
[#...] (1,3) (0,2) (0,3) (0,1,3) {45,18,18,32}
[...#.#.] (1,2,6) (1,4,6) (0,2,3,5) (3,5) (3,4) {13,37,32,29,22,25,37}
[....##] (0,3) (1,2,3,4) (1,5) (0,1,3,4) (2,4,5) (2,3,4) (0,1,2) (2,5) {43,228,44,44,46,195}
[.#..#] (1,2) (0,1,4) (0,2) (1,4) (0,3) (1,2,3,4) (0,1,3) {40,214,192,38,35}
[#..#.#.#..] (2,3,4,5) (1,3,4,6,7,9) (0,2,3,4,5,7,8,9) (2,6,8,9) (5,8) (0,5,8) (0,1,2,3,5,6,8) (0,1,2,3,4,6,7,8) (1,4) (2,5) (0,1,4,7,9) {37,30,63,35,49,44,33,34,55,46}
[######.] (0,3,4,6) (2,3,5) (2,5) (2,3) (0,1,2,4,5) (1,2,6) (0,6) (2,4,5,6) (0,1,2,5) {9,26,74,36,11,36,28}
[.#..] (3) (0,1,3) (1) (0,2) {28,25,20,24}
[.#..] (2) (1,3) (0,3) (1) (0,1) {18,22,17,16}
[.####.#.#.] (0,1,4,5,6,8,9) (4,9) (1,2,3,4,8,9) (1,3,4,5,6,8) (4,8) (0,2,3,9) (1,7,8) (0,2,3,4,5,6,7,8) (0,2,3,6,7) (0,1,2,3,4,9) (1,2,3,5,6,8,9) {27,42,30,39,62,22,26,10,50,35}
[##.#..##..] (0,3,8) (0,2,3,9) (1,2,3,4,6,7,8,9) (4,6,7) (0,4,5,7,8,9) (1,2,3,4,5,8,9) (0,3,4,5,8,9) (0,3,4,7,9) {49,21,30,60,68,28,29,50,50,63}
[.##.#.] (1,3) (1,2) (4,5) (0,1,3) (1,4) (5) (0,3,4) {15,25,3,20,4,4}
[.#....#.#] (2,3,6) (0,1,2,4,5,6,7,8) (0,1,2,3,4,5,7,8) (5,6,7) (3,4) (0,1,3,7) (0,4,8) (0,2,8) (1,2,4,5,7,8) (0,1,3,4,6,7) {216,214,66,206,67,47,47,215,56}
[#..#..] (1,2,3,5) (0,3) (0,1,4) (0,2,3,4,5) (0,3,4) (2,4,5) (0,1,3,5) {45,26,35,51,39,45}
[###.#] (0,4) (2) (0,2,3) (0,2,3,4) (0,1,2,4) (1,3) {20,8,21,25,6}
[##..#..#] (0,1,4,5,7) (5,7) (0,3,5,6,7) (1,3,4,6) (0,1,4,5) (1,2,4,5) {21,21,5,5,21,32,5,19}
[.###..] (0,2,3,4) (3,5) (1,2,5) (0,2,3) {19,9,28,25,2,15}
[#.#..] (0,1,3,4) (0,2) (0,2,3,4) {35,14,21,32,32}
[.##..##.] (1,2,4) (0,1,5) (2,3) (0,1,2,3,4,6) (1,3,5,7) (1,2,7) {33,54,134,119,25,21,15,11}
[#.#.###] (0,1,2) (0,2,5) (0,3,4,6) (0,1,3,5) (1,2,4,5,6) (0,1,2,4,5,6) (0,3,5,6) {179,163,145,37,12,35,21}
[###...] (1,2,4) (1,4,5) (2,3,4) (1,2) (0,1,5) {10,47,38,10,29,19}
[###.] (0,1,2) (0,1) (0,3) {203,36,16,167}
[.##.....] (0,3,4,5,7) (0,1,2) (2,3,4,5,6,7) (0,2,4,5,7) (0,1,3,4,5,6) (0,4,5,6,7) (0,1,2,4,6) {64,34,52,22,53,39,29,38}
[.#.##....#] (5,8,9) (1,2,3,4,6,7) (6,7) (1,2,4,6) (0,2,3,5,8,9) (3,4,7,9) (2,6,9) (0,1,3,6,7,9) (1,2,5,6,7) (0,1,2,4,5,6,7) {48,71,86,48,42,48,96,71,19,50}
[..##.##] (0,2,5,6) (3,4,5,6) (1,3,5,6) (0,2,3,5,6) (2,3,5,6) (1,2,3,4,5,6) (1,4) (0,4) (2,4,5,6) {37,42,62,70,65,87,87}
[#.#.####.] (0,1,2,3,6,7,8) (0,1,2,6,7) (0,2,6,7) (1,4,5) (5,6) (0,1,4,6,8) (0,3,4,6,7,8) {10,21,7,4,15,32,30,8,6}
[##.#.##.#.] (0,1,2,5,7) (0,1,2,3,4,5,7,9) (0,3,4,5,7) (1,2,4,5,6,8) (0,2,3,7,9) (0,2,3,5,6,7,8) (0,2,4,5,6,7,8,9) (0,3,5) (1,2,4,5,6,8,9) {102,56,95,67,60,105,42,82,42,54}
[#...###.#] (0,1,2,3,5,6,7,8) (1,2,6,8) (0,1,2,4) (2,3,4,6) (2,3,5,7) (1,3,4,5,7,8) (4,6,7) {6,37,45,50,34,40,23,40,33}
[#.#.#.] (0,1,2,3,5) (0,1,2,4) (1,2,3,4,5) (0,1,3,5) {50,52,38,35,19,35}
[#..#.##] (0,1,2,4,6) (3,6) (2,3) (0,5) (0,2,3,4,6) (0,5,6) (0,1,3,5,6) (0,3) (3,5) {36,12,12,51,5,49,32}
[...#.##..#] (1,6) (3,4,5) (0,1,3,4,5,6,8,9) (0,6,9) (5,7,9) (2,4,5) (0,4,6,8) (0,2,3,4,5,8,9) (0,1,2,3,6,7,8,9) (7) (3,6) {42,13,11,42,51,41,56,24,31,32}
[...#] (2,3) (3) (0) (1) (0,1) {16,26,0,17}
[...#..##..] (3,5,6,8) (0,1,3,4,6,7,9) (0,2,4,5,9) (2,3,6,9) (0,1,2,6,7,9) (1,5,7,9) (5,7) (3,6,7) (2,3,4,5,6,7,8) (0,1,4,5,6,7,8) {54,40,50,58,61,73,82,63,48,51}
[.#...] (2,3,4) (1,2,3,4) (0,2,3) (2) (1,3,4) (4) (0,1) {18,34,34,47,41}
[..#.#] (0,1,3) (0,1,2,3) (1,4) (0,1,2) (0,2) (2,3) {22,22,14,17,4}
[#..#......] (1,4,7) (2,3,4,8) (7,8) (0,1,2,4,7,8) (1,3,5,6,7,8) (2,4) (0,2,3,4) (0,1,2,3,5,6,8) (1,8) (0,3,5) (0,1,2,3,5,8,9) {26,45,30,20,36,20,8,41,52,0}
[..#...] (1,2,3) (0,1,2,5) (0,2,3,4) (0,2,4) (1) (2,3,5) (1,2,3,4) {20,35,47,31,25,12}
[##..#.#.#] (0,1,2,3,4,5,7) (1,5,6,7,8) (1,3,4,5,6) (3,6,7,8) (0,5,7) (0,4,7) (2,4,6) (0,1,3,4,5,7) (1,3,4,5) (0,1,3) {27,45,31,46,40,35,50,45,29}
[.#.####] (4) (4,5,6) (1,2,3,5,6) (2,3) (2,3,4,5,6) (1,2) (0,5) {9,34,73,55,51,57,48}
[..####....] (0,1,2,5,6,7) (1,3,4,6) (1,3,4,6,7,8,9) (0,1,2,3,8,9) (0,1,5) (0,1,2,3,4,5,7,9) (3,6) (0,2,3,8) (0,1,4,6,7,8,9) (0,7) {63,83,29,73,65,14,74,66,54,56}
[...#] (1,2) (0,1) (0,3) (2,3) (0,1,3) {14,5,4,17}
[#..#] (1) (0) (2) (0,1,3) (0,1,2) {16,20,15,2}
[##..#.] (1,2,3) (1,2,3,4,5) (0,2,4) (0,2,3,5) {25,187,212,193,201,188}
[##.###.#.#] (5) (0,2,5,7,9) (6,8) (0,3,4,5,8,9) (0,2,3,6,7,8,9) (0,1,2,3,8,9) (4,6,7,9) (2,5,6,8) (0,2,6,7,8) (0,3,4) (0,1,2,3,5,7,8,9) (0,1,3,4,8) {75,26,62,51,38,46,65,57,90,54}
[.#.##] (0,1,3) (2,3) (1,3,4) {12,16,16,32,4}
[#.#....###] (0,5) (0,1,8) (0,1,2,3,4,5,6,7,9) (1,8) (2,3,5,6,9) (0,2,3,4,5,7,8,9) (1,2,3,4,5,7) (0,2,7,8,9) (1,3,5,6,7,8,9) (0,2,3,4,5,6,8,9) {60,34,64,61,44,74,41,52,46,62}
[.....#] (2,3,5) (0,2,4) (1,2,3,5) (3,5) (2,5) (0,3,5) (0,1,2) (0,3,4,5) {30,14,26,16,12,20}
[...#..#.] (0,1,2,3,6) (0,4,6,7) (1,3,4,5) (1,2,5,6,7) (0,1,2,3,4,7) (0,1,5) (5,6) (0,2,4,5,6,7) {45,38,37,33,26,26,42,23}
[####] (0,1,3) (2,3) (0,1) {20,20,19,24}
[#.##.] (2,4) (2,3,4) (0,1,3) (0,1) (0,2,3) {27,22,33,21,28}
[#####.#] (3,4,5,6) (0,4) (0,1,3,5) (2,4,5) (3,4,5) (3,5) (3,5,6) {17,10,7,159,46,166,16}
[###..] (3,4) (1,2) (0,1,4) (1,4) {5,18,13,1,6}
[#.#.##.###] (0,2,3,4,6,7,8,9) (1,3,5,6,8,9) (0,1,3,4,5,6,9) (3,5,6) (0,1,2,3,8) (2,3,8) (0,3,4,9) (0,1,2,4,5,7,8,9) (0,3,5,6) (2,4,5,6,9) (0,5,7,8) (0,5,6,7,8,9) (0,1,3,4,5,6,7,8) {122,57,78,106,78,115,90,72,105,76}
[###....##] (3,6,7,8) (0,3,6) (0,1,2,3,5) (0,1,3,4,6,7,8) (4,7) (0,1,2,3,6) (0,1,5,7) (0,1,2,7,8) (6,8) (5,8) (0,1,4,5,6,7,8) {112,94,52,84,40,47,99,75,86}
[##......##] (2) (0,1,2,4,5,7,8,9) (0,1,2,3,4,5,8,9) (0,2,4,5,6,7,9) (0,1,4,7) (0,4,9) (0,1,6,8) (4,6) (5) (3,4,6,8) (0,3,5,6) (0,3,5,6,7,9) {58,20,22,42,60,49,45,8,26,37}
[....#..] (1,3,4) (2,6) (0,1,2,3,4) (1,2,3,4,5) (1,2,4,6) (0,5,6) (0,1,3,5,6) (4,6) {20,51,42,49,54,32,37}
[####.] (0,2,3) (0,4) (2,3,4) (0,2) (0,1,3,4) (0,3,4) {48,13,47,53,41}
[.#.##.#..#] (4,5,7) (0,2,3,4,5,6,7) (0,3,4,5,6) (1,3,5,7) (2,8) (0,1,2,3,4,5,6,9) (0,1,3,4,5,6,8,9) (0,1,3,4,5,6,7,8,9) (2,4,5,8) (3,4,5,9) (4,7,8) (3,6,7,9) (0,2,3,5,6,8,9) {42,30,63,73,70,92,46,50,68,48}
[..#...] (0) (0,1,2) (4) (2,3,5) (1,2,4,5) (3,4) (1,2) {33,40,47,27,50,18}
[#.##...##] (1,2,3,4,6,7,8) (5,6,8) (0,2,4,6,7) (0,5,8) (2,4,6,7) (0,2,3,6,7,8) (1,3,4) (0,1,2,3,6,7) {46,137,63,155,160,6,64,63,30}
[##.....##] (0,1,2,6,7) (0,1,3,4,6,7) (0,1,3,4,8) (2,6) (0,2,3,4,6,8) (2,6,8) (2,3,6,7) (3,5,6) (4,8) (0,1,3,4) (0,1,3,4,5,6,7,8) {75,61,74,98,68,34,123,60,50}
[#..######.] (0,3,4,5,7,8) (0,2,3,5,9) (1,2,3,5,6,7,8,9) (0,1,3,4,5,6,7,8,9) (3,4,5,7,9) (1,2,8) (6) (0,3,4) (2,3,9) (1) (7,8) (0,1,2,4,6,7,8,9) {170,155,44,188,180,174,145,180,173,170}
[...###] (0,1,5) (0,1,3,4) (0,3,4,5) (1,2,5) {59,58,18,39,39,57}
[#...#..#] (0,1,2,3,4,6) (4,6) (1,5) (0,1,2,3,5,7) (5,6) (0,1,2,3,6) (0,1) (1,2,4,5,6,7) {26,44,32,19,24,182,194,17}
[#.#.#] (0,1,2) (3) (0,1,3) (0,2,4) {21,17,14,16,4}
[#.###.#] (2,3) (1,6) (0,4,5,6) (0,3,5,6) (2,4,5) {17,10,23,22,18,30,27}
[#.##] (0) (0,1,2) (3) (0,2,3) (1,2) (1,3) {48,52,56,35}
[.#....] (1,2,3,4) (0,2,5) (0,1,5) (0,3,4,5) (2,3,4) {21,23,26,27,27,21}
[#.###.] (3,4,5) (2,4,5) (1,3,4,5) (0,5) (1,2,3,4,5) {132,25,18,42,50,182}
[..#####] (0,1,2,3,4,5) (2,3,4,5,6) (0,6) (0,3,5) (1,2,3,4,5) (1,2,4,6) {38,21,24,27,24,27,22}
[..##.##] (1,2,3,5,6) (0,2,3,5,6) (2,4,6) (4,5) (0,1,2,3) (1,2,4,6) (0,4) (0,3,5,6) (2,3,5,6) {49,27,65,47,57,42,50}
[#....#] (0,1,2,3,4) (0,2,5) (1,3,4) (0,5) (0,2,3,4) (0,1,2,4,5) {178,166,166,154,168,41}
[..#....] (0,2,3,4,6) (0,2,6) (1,2,4,5,6) (0,1,3,4,6) (2) (1,2,3,5,6) {43,46,77,48,49,33,76}
[.##..##] (1,2,3,4,5,6) (2,3,5,6) (0,1,2,3,4) (1,2,5,6) (0,1,2,3) (1,3,4,5,6) (2,4) {31,56,66,55,55,28,28}
[##.##..#.#] (0,1,3,4,5,6,9) (0,1,5,6,7,8,9) (1,4,5,6,8,9) (0,3,8) (0,3,5,7) (1,4,5,9) (2,4,5) (1,7) {189,49,16,182,58,81,32,23,166,49}
[#.....#.] (6,7) (0,6) (1) (0,1,2,3,4,5,6) (4,6) (0,1,2,3,4,6) (1,2,3,4,6) (0,3) (1,5,6) (0,1,2,3,5,7) {46,198,194,211,209,8,228,3}
[..#.#..#] (0,1,2,4,5,7) (1,5) (0,2,3,4,5,6) (0,2,3,5,6) (0,1,3,6) (3,6) (4,5) {62,28,55,62,52,75,62,18}
[#.###.##.] (1,2,6,8) (0,2,3,4,5,7,8) (1,5,8) (0,1,3,4,5,6) (0,2,3,4,6,7) (5) (5,7) (0,1,3,4,5) (1,6,8) (5,6,7) (0,1,3,5,6,7,8) {34,213,177,34,21,66,191,27,202}
[.#......#] (0,1,2,4,7) (1,3,4) (0,1,2,4,5,6,8) (0,1,3,4) (0,3,4,5,6,7,8) (2,4,6,7) (2,3,4,5,6,7) (0,3,5,8) (1,2,3,4,5,6,8) (1,2,4,5,6,7,8) (0,1,5,7,8) {51,57,39,52,78,54,51,36,46}
[..###.###.] (0,1,2,4,6,9) (2,4,5,6,7) (0,3,5) (1,2,5,7,9) (1,2,8,9) (0,1,2,4,6,7,8,9) (2,3,4,6,7,8) (1,2,4,9) (0,1,2,3,5,6,8,9) (1,3,8) (0,1,2,4,5,6,7,9) (5,6) {50,66,77,44,46,65,67,47,43,56}
[.#.##..] (3,4,6) (0,3,4,5) (3,4,5,6) (0,1,3,4,6) (0,1,2,5) (0,2,5,6) (1,5,6) (0,4) (1,2,3,4,5) {45,51,38,57,68,68,62}
[..#.] (0,3) (1,2,3) (1,3) {8,19,6,27}
[.#...] (3,4) (2,4) (0,3,4) (1,3) (2) {1,0,22,1,12}
[#...####] (1,2,5) (3,5,6,7) (3,4) (0,1,6,7) (1,3,6,7) (0,4,5,6,7) {30,33,0,30,16,27,60,60}
[####..##..] (0,4,5,6,7,9) (0,2,4,6,9) (0,1,2,3,5,6,7,8) (1,9) (0,1,3,4,5,6,7,8) (0,1,3,7,9) (3,7) (1,3,4,6,7,9) (1,2,3,4,5,7,8,9) (0,1,2,6,8) (0,1,2,4,8,9) (0,1,2,7,8,9) (1,3,5,7,8) {211,227,193,67,188,46,42,85,204,212}
[.####] (2,3) (0,1) (1,2,3,4) (0,3,4) {7,14,13,13,7}
[#..##...#] (3,6,8) (3,5,7,8) (0,3,4,8) (0,7) (1,2,3,5,6,7) (0,1,8) (2,3,4,5) {22,28,189,229,176,209,33,46,49}
[#..##] (0,2,3,4) (0,1,2,4) (1,2,3) {14,174,175,162,14}
[###.#####] (0,5) (0,2,3,4,5,7,8) (0,2,3,4,6,7,8) (0,1,2,3,5,7,8) (0,1,3,4,7,8) (4,6,7,8) (1,2,5,6,8) (0,6,8) (3,4,5,6) {72,32,43,50,51,56,40,62,74}
[.#.###.#] (0,1,2,3,5,6,7) (1,2,5,6) (1,4,5,6,7) (1,3,7) (0,2) (0,2,3,4,5,6,7) (2,3) (4,5) {32,42,172,154,27,48,45,40}
[#.......] (4,6) (1,3,4,5,6,7) (0,1,2,3,6,7) (0,1,3,4,5,6,7) (1,2,3,4,7) (0,1,2,7) {40,60,38,46,39,22,31,60}
[###..#..##] (0,1,2,5,8) (2,3,4,5,7) (4,5,6,7) (1,2,6,9) (1,3,5,8,9) (3,5,7,9) (0,1,2,3,4,6,7,9) (1,7) (0,2,3,5,6,7) (1,2,3,5,6,7,8,9) (0,1,2,4,7,8,9) (0,3,6,8,9) {43,59,63,69,60,67,53,82,46,58}
[##.##.#] (0,1,2,3,5,6) (0,1,6) (0,1,2,3,5) (0,2,3,4) (0,1,3,4,5,6) (0,3,4) (1,3,5) (1,2) {64,70,51,73,34,53,27}
[#....#] (0,5) (4,5) (2,3,4,5) (0,3) (0,1,2,3,5) (1,2,3) (1,3) (3) {13,20,32,45,18,27}
[..###..#.] (0,1,4,5,6,8) (2,3) (1,2,3,4,7,8) (0,1,2,3,4,5,6) (2,3,4,6,7,8) (0,6,7) (1,4,6,7) (0,1,5,6,7) (1,2,3,4,5,6,7) {66,84,43,43,66,67,91,62,26}
[...#.###.] (0,1,4,5,6,8) (0,1,2,3,4,7) (0,1,3,4,5,6,7,8) (0,1,5,6) (0,2,3,4,5,7) (1,3,7) (0,2,3,4,7) (1,2,3,4,5,7) {73,67,44,58,73,52,36,58,29}
[.##.##..#] (2,3,4) (0,2,4,5,6,7,8) (0,7,8) (0,1,2,3,4,6,8) (0,2,5,8) (2,3,4,5,7) (0,1,2,7) (1,5) {47,27,64,47,58,29,31,32,45}
[###.] (1,3) (0,1,2) {2,7,2,5}
[#.##..##] (1,4) (3,5) (0,3) (0,3,4,5,6,7) (0,2,5,6) (6,7) (1,2,4,5,6) (0,1,2,3,6,7) (0,1,3,4,6,7) {176,47,23,186,34,29,47,38}
[..##.#.] (0,1,2,4) (2,3,6) (0,1,3,4,5,6) (2,3,5) (0,2,4,5) {129,116,35,136,129,143,121}
[.#.#.#] (0,1,2,4,5) (0,1,5) (1,3,4) (0,1,2) (1,3,5) {17,34,15,17,27,20}
[####.#.] (0,1,2,3,6) (0,2,3) (0,6) (0,1,4,6) (1,2,3,4,5) (0,1,4) {34,37,23,23,36,15,8}
[####.#.#] (0,1,2,3,4,6) (3,5) (0,2,5) (0,1,2,3,4,5) (0,1,7) (0,3,6) (0,1,2,4,6) {70,38,46,63,31,44,39,7}
[..##.] (1,3) (3) (2,3) (0,1,4) {1,18,20,44,1}
[.#....#.] (0,7) (1,2,3,4,5,7) (0,1,2,5,6,7) (2,3) (1,3) (1,2,4,5,6,7) (1,4,6) (0,2,5) {50,64,53,33,28,43,41,42}
[.##.#.##] (1,2,7) (0,2,3,4,5,6,7) (4,6) (0,1,2,3,4,7) (0,1,2,4) (0,6,7) (0,1,5) (2,3) (3,5,6,7) {42,42,46,28,37,15,40,59}
[..###..#.] (7,8) (3,4) (1,2,7) (0,2,7) (0,1,3,4,5,6,7) (1,5,7,8) (3,5) (1) (0,1,3,4,8) (3,6) {49,63,24,69,46,24,38,54,30}
[#.....] (0,1,3,4,5) (0,1,5) (0,3) (0,3,4) (1,2,5) (1,2,4,5) (0,1,2,4) {53,76,41,33,45,71}
[....###..#] (0,2,3,4,6,8) (0,1,3,4,5,6,7,9) (1,7,9) (1,3,5,6,8) (1,6) (2,3,4,5,8) (5) (0,1,7,8) {44,61,26,55,35,49,49,36,66,16}
[.##...#.#.] (0,1,2,3,4,6,7,9) (6,7) (0,3,4,6,7,8,9) (1,2,4,5,6,8,9) (0,2,4,5,6,7,8,9) (1,2,3,4,6,7,8,9) (0,1,3,4,9) (0,3,4,5,6,7,9) (0,1,2,4,6,7,8) {56,70,54,72,93,31,93,73,50,93}
[..#...##..] (2,6,7) (0,1,2,3,4,5,8,9) (0,2,3,4,6) (1,2,3,4,5,6,7,9) (2,3,4,5,7,9) (0,8,9) (0,1,2,3,4,5,7,9) (0,2,3,4,5,6,7,8) {41,32,58,52,52,49,40,45,30,35}
[#..##.] (0,1,2,4,5) (0,1,3) (2,3,4) (0,2,5) (1,3,4,5) (4) (4,5) (1,3,4) {46,55,34,43,52,36}
[#.#.] (0) (2) (1,2,3) (1,2) (0,3) (0,1) {205,41,37,191}
[##.#] (0,1) (2) (3) (1,3) (0) (0,1,3) {150,22,8,18}
