0:
#.#
###
##.

1:
..#
.##
##.

2:
###
###
#..

3:
#..
##.
###

4:
###
#.#
#.#

5:
###
.#.
###

35x39: 29 31 40 35 26 48
44x45: 32 32 38 26 42 39
38x49: 36 28 38 33 31 25
38x50: 42 48 62 52 41 48
38x38: 29 28 24 23 25 14
38x39: 27 27 25 22 30 24
45x40: 32 20 39 35 33 35
45x35: 23 33 24 24 33 28
41x40: 46 33 41 41 49 40
45x35: 26 20 33 26 28 32
41x50: 36 26 35 45 31 34
38x42: 26 38 30 29 26 19
44x46: 35 39 26 43 29 38
37x39: 30 17 25 29 30 24
50x45: 59 57 52 63 63 53
39x45: 31 36 37 29 34 28
43x44: 53 46 41 43 51 56
39x38: 34 43 39 47 31 37
50x41: 38 30 23 29 43 44
44x43: 47 50 46 44 46 58
47x46: 45 43 35 34 36 31
40x46: 48 42 54 41 53 43
35x35: 21 23 16 21 22 17
40x50: 52 59 42 56 50 52
40x48: 33 41 44 26 33 31
47x49: 63 58 63 71 50 51
46x39: 43 43 47 49 46 48
50x48: 44 35 48 48 32 49
41x39: 43 41 49 46 33 35
38x40: 24 18 21 26 33 33
37x40: 27 38 45 25 51 40
36x37: 30 17 20 26 27 24
39x38: 27 22 27 26 23 31
43x39: 38 53 44 43 36 47
47x43: 49 41 60 44 52 61
50x42: 36 44 38 28 39 39
41x36: 32 57 41 38 29 36
44x49: 40 31 49 37 27 40
49x41: 28 32 40 32 41 35
43x41: 33 29 30 35 28 27
44x35: 24 29 26 18 28 28
48x40: 31 33 38 36 40 30
40x50: 36 39 29 40 30 34
42x49: 36 36 48 25 34 44
45x46: 52 62 57 43 42 64
46x46: 64 48 45 55 47 65
45x36: 41 39 42 51 40 37
36x48: 58 40 37 37 50 42
46x37: 30 26 25 35 32 32
39x47: 55 41 53 49 39 44
42x45: 58 37 52 49 53 39
39x48: 29 34 37 37 40 31
48x50: 34 42 40 53 37 50
39x44: 38 30 29 28 29 27
37x37: 32 31 38 31 43 34
40x35: 23 30 23 16 20 30
35x44: 23 28 26 18 30 29
35x36: 18 24 19 33 22 16
44x37: 44 41 48 44 37 37
46x42: 51 47 48 45 53 52
39x40: 36 42 40 41 39 43
36x36: 27 20 21 25 25 25
38x44: 35 47 41 32 53 49
50x35: 25 31 22 31 35 31
46x43: 33 37 31 43 28 38
42x36: 31 39 49 39 39 36
49x46: 44 42 36 43 51 24
45x40: 32 39 26 38 28 32
44x47: 43 77 49 45 49 61
46x42: 39 31 38 41 34 27
39x42: 36 34 25 17 39 31
49x48: 48 59 68 61 80 46
36x46: 40 39 36 41 45 53
49x37: 32 23 33 33 32 38
50x36: 34 31 22 29 36 40
43x40: 35 31 28 39 23 25
46x40: 21 41 22 33 43 35
37x38: 40 42 39 34 27 36
35x38: 24 23 25 19 18 22
39x35: 22 26 22 21 18 33
42x46: 34 44 37 40 30 25
45x42: 39 31 31 31 31 46
47x50: 50 50 65 60 67 67
40x35: 24 27 20 21 24 26
43x42: 48 47 49 44 40 50
45x45: 49 49 51 65 57 42
46x40: 32 34 26 38 35 29
37x46: 45 43 47 38 36 52
46x41: 31 31 28 38 33 33
47x47: 30 41 39 34 37 44
41x50: 44 54 47 51 65 55
43x48: 42 37 30 35 44 36
46x49: 48 46 41 40 34 30
39x40: 29 27 31 23 20 38
37x40: 28 30 25 33 18 21
42x40: 36 36 47 38 51 48
47x40: 42 45 55 38 50 57
39x48: 31 35 34 36 37 35
40x42: 35 48 38 36 54 48
41x37: 30 21 37 26 15 26
37x49: 33 23 41 37 31 26
43x49: 34 41 35 31 42 40
47x38: 24 32 27 38 30 28
43x49: 28 38 33 41 39 45
38x43: 34 25 32 28 33 15
48x40: 34 37 32 31 44 29
42x50: 48 37 32 43 33 30
42x47: 33 36 31 38 40 32
35x46: 42 37 45 36 49 37
40x48: 41 36 35 37 27 31
41x50: 53 60 53 46 64 41
45x40: 44 36 29 25 36 24
48x47: 56 57 67 49 51 66
48x41: 24 41 38 32 38 35
38x39: 34 24 23 16 30 28
40x42: 35 37 51 51 41 43
41x45: 33 36 31 31 29 34
36x47: 27 24 30 29 35 35
42x38: 39 42 46 32 50 36
39x42: 27 35 31 33 26 29
49x38: 46 48 46 50 46 51
35x48: 22 32 29 22 30 40
35x42: 21 25 28 31 22 27
35x42: 22 19 27 25 29 32
35x39: 29 30 39 44 35 33
47x50: 43 45 46 40 25 41
47x35: 45 43 50 45 33 38
45x38: 36 28 25 35 32 24
50x39: 57 43 43 56 46 54
41x47: 29 33 35 35 31 32
46x42: 43 58 61 56 46 37
46x39: 41 45 45 47 31 67
36x40: 17 27 18 31 28 34
35x39: 43 24 36 28 44 31
47x38: 29 34 35 30 21 30
48x43: 54 51 53 57 54 49
43x36: 20 32 20 27 29 40
46x43: 34 33 31 42 33 37
41x36: 20 24 27 32 24 28
46x36: 34 26 29 38 24 29
44x37: 29 32 23 31 22 30
49x50: 59 75 61 64 64 58
36x35: 20 29 18 27 15 23
40x50: 39 36 22 34 41 36
47x35: 26 26 35 23 29 26
49x49: 33 41 36 51 50 44
50x44: 45 61 60 48 61 64
49x38: 25 36 24 40 37 30
36x42: 32 29 27 34 23 22
38x38: 22 26 19 24 28 25
49x48: 46 48 38 40 43 40
44x35: 37 38 32 41 49 40
37x45: 27 23 29 29 37 34
39x43: 30 23 28 29 40 31
47x40: 32 27 39 41 27 29
45x45: 29 39 44 39 34 39
49x35: 33 27 23 38 27 28
35x49: 47 54 48 38 39 40
37x45: 44 56 49 28 44 37
42x50: 41 37 46 41 24 34
40x45: 51 45 55 33 47 44
39x42: 28 34 35 34 27 23
42x36: 41 27 33 48 47 35
44x42: 31 26 33 35 28 43
39x37: 23 31 29 28 25 20
44x41: 27 29 32 31 30 33
41x45: 29 35 27 27 40 37
40x38: 42 38 45 27 45 35
39x35: 24 25 23 14 30 26
48x42: 42 40 29 30 38 45
47x42: 36 41 32 32 38 30
41x38: 28 30 24 34 17 22
43x49: 22 39 44 36 40 42
49x45: 34 38 53 38 38 39
42x35: 44 31 39 35 44 31
38x48: 38 31 37 28 33 24
35x47: 22 34 25 27 32 24
45x41: 36 27 25 37 35 34
38x39: 42 44 31 39 37 37
44x45: 34 33 31 44 40 28
49x39: 48 48 44 49 50 55
39x37: 27 22 22 24 32 28
36x41: 21 24 24 26 31 29
46x44: 33 34 36 37 29 40
46x39: 29 33 30 31 35 36
45x38: 45 43 41 50 43 42
50x42: 53 53 57 59 47 55
38x45: 24 36 30 38 23 28
35x40: 18 25 22 22 26 30
37x46: 28 32 28 23 31 38
38x49: 35 53 47 47 51 55
40x36: 24 23 25 27 25 31
37x45: 40 24 31 19 29 37
48x45: 64 46 47 69 57 49
42x42: 27 39 35 30 34 31
50x36: 29 33 32 36 33 29
44x49: 65 62 50 56 47 54
39x47: 27 21 39 37 35 36
47x35: 28 28 18 32 25 33
49x43: 60 56 42 60 46 62
45x38: 30 26 36 30 30 27
41x37: 27 20 27 33 24 25
46x37: 42 49 33 45 49 46
50x47: 54 64 59 68 54 65
37x39: 41 25 36 32 46 38
37x42: 23 32 27 31 34 20
38x50: 31 42 34 29 30 25
50x43: 42 38 42 25 36 41
40x38: 40 27 24 22 15 28
36x48: 44 42 45 42 44 48
41x45: 30 29 35 36 37 27
49x37: 37 32 42 60 56 50
38x50: 33 34 36 33 33 23
42x42: 49 45 41 48 46 43
40x47: 38 30 32 27 34 34
44x41: 34 30 27 31 29 30
45x37: 34 26 31 36 20 33
39x44: 28 33 33 31 30 26
47x40: 38 34 38 29 27 28
35x44: 40 35 38 39 42 42
43x37: 29 23 20 24 34 38
44x43: 31 28 36 34 36 31
35x35: 30 35 36 19 40 28
50x45: 69 55 49 60 58 55
44x44: 50 46 62 48 51 40
49x49: 43 45 34 44 43 47
41x42: 23 23 30 32 39 35
42x45: 35 36 37 33 27 41
46x50: 26 44 42 44 51 33
40x46: 31 24 35 30 40 34
37x47: 28 36 27 23 26 39
42x44: 32 27 31 44 32 30
36x44: 38 37 46 34 47 40
45x39: 50 47 40 33 52 47
43x38: 35 42 44 45 45 41
46x47: 37 45 42 35 30 35
41x42: 36 58 42 42 54 37
45x45: 40 39 38 33 36 39
47x36: 33 22 32 35 31 26
41x50: 48 53 43 48 47 76
47x47: 42 43 34 40 29 37
38x40: 28 23 30 22 23 30
48x40: 53 39 47 65 45 46
40x44: 34 26 34 31 25 31
49x42: 26 42 37 33 43 42
44x36: 27 23 37 23 37 21
45x47: 44 35 41 31 38 35
47x43: 34 34 29 36 45 32
42x46: 29 39 36 37 26 42
38x42: 27 32 26 27 30 25
45x46: 53 63 56 55 52 43
46x41: 51 53 51 49 52 36
44x40: 29 37 24 33 36 23
44x44: 24 40 45 24 23 40
38x40: 20 25 32 25 29 25
42x43: 34 38 27 33 37 27
47x43: 32 37 36 28 39 38
45x38: 40 50 44 36 43 51
38x47: 31 56 59 47 34 51
43x47: 45 30 33 39 25 37
45x41: 32 28 34 40 24 37
36x42: 39 52 26 27 48 43
42x37: 27 29 27 32 28 24
35x40: 24 22 25 33 21 18
41x48: 32 35 42 36 30 33
35x37: 25 29 14 16 22 25
39x45: 31 35 55 56 43 49
44x50: 38 30 35 30 48 43
50x39: 28 35 37 35 38 34
41x47: 43 48 47 53 57 49
37x48: 47 51 32 51 48 47
38x44: 25 33 25 29 26 29
40x36: 25 31 17 29 25 29
48x45: 42 41 34 41 35 47
39x50: 44 26 43 27 34 34
38x37: 32 21 16 24 17 33
44x48: 29 30 39 39 46 41
48x37: 31 36 26 18 40 41
44x49: 27 36 44 38 34 45
35x49: 44 35 45 55 42 42
41x42: 28 27 32 35 27 32
36x40: 42 41 37 38 33 32
40x35: 25 23 24 28 20 22
40x43: 51 49 39 48 41 39
40x45: 45 48 49 40 56 39
38x42: 35 42 39 47 51 33
35x37: 32 25 36 31 35 38
47x38: 48 46 39 51 47 45
46x35: 24 28 21 33 30 28
47x42: 36 38 32 32 38 34
36x44: 32 22 32 23 23 35
35x35: 23 14 24 19 16 24
48x45: 45 58 61 60 57 53
48x48: 56 60 56 66 64 54
36x46: 42 38 51 43 32 48
45x44: 41 43 26 33 28 39
43x35: 37 41 44 42 32 37
46x35: 23 28 35 29 27 22
48x39: 29 26 32 37 48 35
46x45: 44 39 36 30 32 43
48x44: 42 36 37 36 38 35
48x49: 60 63 62 60 52 66
41x46: 29 36 40 32 25 33
48x44: 45 64 62 54 52 51
42x42: 49 46 39 39 43 55
50x49: 42 35 43 45 36 54
46x43: 40 35 28 25 38 44
41x46: 39 36 23 24 38 34
38x50: 54 42 35 51 57 52
38x45: 42 41 49 40 47 43
49x44: 51 44 59 63 50 63
49x50: 63 72 62 63 63 57
46x43: 30 41 40 33 34 31
48x41: 27 29 35 42 35 40
45x35: 27 31 21 31 21 33
36x45: 42 42 39 52 36 40
50x49: 60 59 78 56 62 60
47x45: 44 57 56 57 60 53
50x49: 65 53 77 66 56 58
43x45: 30 43 41 26 32 37
49x39: 48 35 50 46 57 54
41x43: 50 41 50 42 44 43
37x44: 30 27 26 21 29 35
35x48: 37 33 29 25 29 22
38x49: 49 51 52 43 37 55
48x38: 32 25 39 44 28 24
35x47: 23 38 28 20 30 25
37x37: 20 25 16 32 17 34
35x50: 48 50 41 39 52 40
35x40: 28 20 23 29 17 25
47x44: 52 43 63 56 55 47
40x39: 41 33 49 37 29 49
49x44: 25 44 34 36 42 42
46x35: 27 31 30 29 35 13
40x44: 38 52 49 51 45 39
42x46: 68 48 46 43 53 38
35x42: 21 23 29 16 32 33
42x48: 53 52 49 47 49 60
46x44: 57 45 53 54 47 54
47x40: 42 50 54 49 44 51
39x48: 43 33 48 55 51 55
44x48: 34 32 42 37 39 40
35x50: 34 29 18 29 32 34
44x49: 44 41 37 36 30 36
47x41: 44 51 49 54 45 55
48x47: 43 45 35 46 32 38
48x40: 26 42 27 40 32 41
40x43: 46 47 47 45 42 39
50x45: 34 45 38 39 47 37
47x50: 46 32 42 40 40 40
38x49: 46 55 48 48 52 40
48x45: 65 58 53 52 45 60
45x38: 52 35 32 53 42 48
41x45: 36 30 35 25 31 37
49x44: 66 46 51 61 53 53
50x36: 25 37 29 41 35 24
41x42: 32 32 26 29 35 27
41x50: 48 56 47 62 48 57
36x49: 31 25 42 21 25 47
40x50: 35 41 40 30 29 32
39x41: 42 37 46 33 41 45
45x46: 27 38 41 33 44 41
40x41: 21 33 29 35 30 21
38x39: 53 37 32 32 35 38
49x39: 50 53 57 45 45 45
44x38: 26 35 27 29 25 26
37x45: 22 29 26 34 38 31
44x43: 53 51 48 54 42 45
48x40: 24 35 37 43 35 34
37x38: 44 31 35 34 34 37
42x47: 34 31 39 32 37 37
35x43: 22 23 33 28 26 21
35x48: 49 34 34 43 37 59
45x49: 74 65 39 56 56 52
35x41: 41 36 32 38 31 43
48x37: 31 24 27 24 34 51
50x44: 45 35 36 34 36 37
50x42: 45 33 25 44 40 37
42x39: 33 25 36 21 32 35
50x42: 37 35 39 41 36 35
36x36: 27 20 25 30 19 22
48x38: 46 51 46 53 49 38
42x41: 45 43 44 39 37 56
37x44: 25 25 34 23 21 39
35x41: 32 34 38 42 33 42
35x40: 23 26 24 29 22 19
46x35: 25 36 25 29 29 21
47x50: 44 42 35 42 37 39
49x36: 47 36 47 53 41 46
36x50: 47 56 46 60 37 36
37x42: 29 26 27 32 24 29
42x40: 28 27 26 29 34 37
38x36: 37 38 35 31 35 35
39x42: 22 29 29 37 33 32
37x42: 36 33 31 19 22 27
37x50: 50 53 47 43 55 38
48x48: 50 34 50 40 38 44
42x46: 26 39 45 37 29 34
35x39: 24 25 26 28 19 20
36x50: 28 29 39 26 29 40
42x40: 33 29 25 24 30 40
47x35: 37 41 52 41 49 33
47x49: 73 50 59 46 54 68
36x48: 47 43 42 32 50 50
41x42: 44 36 50 45 40 48
38x40: 27 28 25 25 25 25
50x42: 45 56 58 60 47 59
38x35: 29 18 18 27 23 16
35x47: 29 25 27 24 28 32
40x48: 40 43 47 51 60 53
36x40: 40 40 25 39 37 42
36x49: 34 21 36 36 33 31
41x36: 29 18 38 24 22 24
41x39: 40 32 41 42 44 45
49x37: 33 27 34 46 26 25
43x41: 43 45 46 48 46 44
35x44: 31 17 20 32 27 26
48x46: 40 38 47 36 41 38
41x44: 38 29 37 18 26 34
49x37: 52 40 46 45 43 51
48x39: 25 41 43 33 26 39
37x41: 26 29 20 29 26 25
43x38: 47 45 48 25 42 43
41x39: 37 36 46 35 43 47
47x42: 45 49 51 60 55 45
44x48: 33 41 31 38 47 34
35x41: 37 32 42 46 34 30
49x45: 46 34 42 41 38 39
35x48: 30 32 27 29 28 29
36x36: 22 27 30 16 25 23
40x48: 50 64 37 49 38 62
39x37: 32 25 26 25 28 20
35x49: 25 27 38 27 27 32
37x44: 53 50 42 35 33 39
46x49: 33 33 45 48 38 43
48x38: 37 20 40 32 35 27
35x41: 38 45 33 42 39 27
47x47: 58 55 64 53 55 54
48x40: 49 47 50 41 56 51
45x44: 47 68 39 53 59 44
35x48: 36 48 37 43 46 50
40x40: 37 36 21 24 27 24
45x46: 49 48 45 51 58 66
39x38: 32 18 20 34 20 31
41x35: 29 14 19 33 25 23
35x48: 51 43 35 44 39 47
48x46: 41 42 31 38 47 41
47x45: 39 38 39 37 41 30
35x36: 24 22 18 18 27 22
35x48: 50 50 42 37 34 47
44x43: 49 51 51 49 42 50
43x48: 39 37 42 29 36 41
46x43: 49 46 61 57 45 46
39x35: 18 21 30 25 26 23
44x45: 62 36 65 39 50 47
48x44: 35 40 43 33 33 39
36x50: 30 29 30 32 33 38
37x43: 29 28 23 23 34 30
39x38: 40 33 37 38 45 34
35x47: 29 30 26 24 25 30
36x44: 17 33 34 28 34 22
37x50: 41 50 40 50 51 54
42x48: 61 51 47 50 57 44
40x47: 47 48 45 44 48 57
42x48: 35 47 27 40 32 43
49x39: 55 44 37 63 53 43
44x37: 18 25 34 29 29 32
45x45: 53 64 47 58 46 48
47x40: 44 59 50 44 50 45
42x40: 34 23 32 28 32 32
46x37: 45 38 40 54 49 36
43x35: 37 47 36 38 37 39
46x40: 39 46 57 54 44 44
37x49: 34 28 28 35 29 38
35x44: 44 31 48 42 36 34
46x42: 40 36 32 41 28 32
50x47: 67 64 59 48 63 60
45x50: 40 34 40 47 43 35
43x47: 27 35 42 37 36 33
50x38: 33 32 32 35 35 24
50x41: 55 49 44 49 64 53
44x46: 38 29 36 37 32 37
48x46: 49 46 68 56 72 46
42x43: 32 36 40 21 33 34
45x43: 37 31 39 29 32 42
46x43: 25 40 34 38 42 30
35x41: 34 39 36 38 45 30
44x37: 36 47 44 47 42 37
37x46: 34 29 29 20 34 33
46x48: 57 51 68 47 62 52
50x37: 40 60 51 51 51 36
45x39: 35 33 40 28 30 28
50x35: 29 39 34 34 23 16
49x44: 40 41 42 32 37 32
44x38: 41 24 25 26 19 32
48x45: 47 54 64 48 60 58
46x46: 50 37 44 23 49 21
40x45: 21 40 37 35 29 33
49x37: 45 43 45 44 54 47
41x37: 25 31 21 29 25 25
43x40: 49 40 45 47 39 44
49x43: 42 46 36 36 29 35
35x39: 34 45 40 33 28 33
37x38: 51 35 37 34 25 34
44x41: 53 42 40 41 54 46
36x45: 43 37 46 39 51 32
43x48: 54 50 51 60 56 47
35x47: 44 36 36 45 36 55
46x43: 29 33 37 36 45 30
48x39: 50 39 36 57 53 52
44x49: 55 67 57 53 50 53
36x35: 18 19 21 21 29 24
39x50: 44 45 67 44 48 50
48x50: 47 27 39 37 53 53
47x50: 44 50 42 31 37 35
36x48: 29 32 30 41 28 32
47x41: 47 50 43 49 62 46
40x42: 28 29 28 28 38 31
39x41: 41 49 47 43 32 37
42x40: 27 30 26 28 38 32
47x42: 49 44 36 64 60 51
40x38: 29 36 28 24 21 18
45x45: 37 38 34 42 38 35
49x35: 37 48 49 49 53 30
39x45: 34 29 23 40 31 37
41x39: 33 31 27 23 30 24
47x48: 59 63 60 65 61 42
49x50: 45 38 40 40 50 42
41x44: 26 24 32 35 31 34
45x50: 58 51 64 60 51 61
41x38: 28 26 20 25 30 27
37x40: 21 29 26 20 30 29
42x35: 36 36 37 45 27 46
48x48: 42 46 38 38 42 49
50x47: 33 38 37 45 45 41
36x35: 27 29 28 39 32 39
43x37: 25 24 24 30 28 36
45x50: 60 55 52 53 61 64
42x48: 50 55 40 57 62 48
37x36: 31 39 33 38 27 39
47x42: 53 56 48 62 39 49
37x43: 29 27 29 29 33 20
47x41: 31 32 32 28 41 30
41x44: 46 65 40 37 44 50
42x39: 30 32 37 29 24 30
50x39: 19 31 39 38 43 38
49x42: 63 61 40 52 46 57
46x46: 35 30 33 42 37 48
40x49: 42 32 33 33 37 31
38x42: 22 24 27 38 29 27
41x36: 36 23 27 32 10 28
43x39: 31 29 31 32 22 36
35x48: 31 19 22 43 25 35
36x37: 24 29 29 22 19 21
50x43: 40 48 59 61 60 62
48x46: 35 45 44 41 39 35
40x49: 27 34 30 38 39 40
46x45: 49 38 31 32 38 37
43x48: 27 40 37 40 41 38
44x46: 37 32 40 29 28 43
44x41: 27 30 41 27 30 27
49x46: 41 41 32 40 39 46
43x47: 30 39 28 39 39 35
50x49: 63 71 74 67 59 46
42x43: 57 46 53 38 41 42
38x49: 28 33 27 36 45 23
46x40: 50 39 40 53 57 43
47x36: 32 24 35 28 28 33
39x42: 32 49 52 39 36 46
46x50: 42 33 41 39 48 37
43x44: 34 26 32 39 39 25
41x35: 49 43 33 39 24 35
48x36: 39 34 27 29 34 28
42x42: 38 30 25 34 36 33
37x41: 20 26 29 22 25 33
41x45: 24 30 36 35 33 36
37x35: 21 18 12 24 27 30
43x43: 32 34 30 35 28 37
37x40: 29 26 28 21 32 20
35x47: 27 21 28 26 31 32
37x36: 21 27 26 23 22 24
44x35: 27 15 24 23 37 28
38x45: 38 35 36 26 25 19
36x49: 33 30 32 33 28 36
49x40: 39 35 31 33 40 29
41x44: 35 41 46 57 52 47
47x49: 56 56 54 60 68 60
37x42: 24 23 29 32 27 32
49x45: 54 47 52 65 71 49
36x37: 40 32 33 30 34 35
46x42: 35 33 32 43 37 30
38x48: 43 43 38 49 52 55
43x47: 41 21 37 31 37 42
48x46: 45 38 45 36 46 29
45x43: 36 30 29 46 35 34
41x50: 34 33 33 35 36 37
45x37: 28 28 38 27 32 27
47x43: 54 44 48 60 57 47
43x44: 56 54 49 48 40 46
41x38: 41 40 39 39 47 34
42x50: 44 56 45 55 60 64
49x49: 38 36 39 55 49 39
43x41: 44 55 50 36 42 46
38x37: 41 41 33 37 22 44
47x39: 26 30 30 35 34 40
35x50: 26 28 32 29 32 29
47x40: 24 40 29 33 30 39
46x49: 42 33 40 45 48 32
46x36: 33 32 29 27 31 28
49x50: 72 70 58 60 67 52
35x44: 32 20 22 26 27 27
36x40: 17 23 27 29 28 31
41x37: 24 30 27 25 28 22
44x45: 38 61 61 46 43 58
44x35: 49 35 33 46 32 42
36x43: 46 42 26 52 40 35
40x48: 34 42 40 29 29 33
49x43: 46 38 33 31 44 31
38x40: 37 43 40 31 46 37
39x50: 54 47 39 39 58 61
42x36: 26 44 42 51 32 41
48x50: 40 35 43 32 47 59
47x50: 70 67 59 54 55 58
37x47: 22 30 42 24 31 31
41x49: 39 33 35 30 37 34
48x48: 49 33 38 33 46 57
47x41: 48 33 52 55 50 55
35x41: 22 20 22 39 17 23
49x37: 30 33 34 28 28 39
36x40: 32 24 38 17 24 21
47x38: 28 25 31 32 38 25
37x47: 40 35 44 50 50 47
37x45: 32 23 26 34 34 31
50x36: 40 27 41 26 25 33
50x38: 57 37 54 39 50 51
44x37: 44 28 19 27 23 27
43x45: 29 37 27 38 43 36
48x49: 66 64 53 52 60 67
35x45: 40 41 44 49 32 38
45x40: 33 32 23 31 30 46
43x41: 44 48 44 42 49 45
35x47: 31 34 23 25 26 26
37x47: 44 45 45 39 47 47
37x43: 38 50 53 44 26 37
42x49: 38 32 37 34 34 49
42x40: 43 35 52 40 36 50
37x48: 55 45 41 50 39 44
37x46: 52 40 49 42 35 43
42x35: 48 37 33 28 37 42
42x42: 21 42 35 33 35 30
46x47: 36 33 40 43 32 41
42x48: 61 41 61 55 49 41
45x43: 43 57 52 43 58 46
40x39: 34 24 25 28 26 31
37x41: 24 33 22 27 24 25
41x36: 24 20 25 30 29 28
50x40: 45 52 45 51 63 52
37x43: 31 23 34 28 24 28
46x42: 36 41 41 24 35 33
37x41: 47 33 49 40 37 26
48x39: 34 30 37 31 36 40
47x50: 37 38 44 42 43 35
50x45: 54 53 56 58 60 64
42x41: 33 32 37 33 23 23
43x47: 58 46 46 56 56 48
45x40: 52 45 49 32 48 49
35x46: 28 29 35 20 28 24
49x42: 39 34 39 37 40 35
35x48: 29 28 30 26 28 34
37x37: 25 38 31 30 41 46
40x42: 37 48 48 48 43 37
36x41: 35 41 41 30 42 38
44x48: 48 57 46 68 56 53
36x44: 30 26 23 34 28 27
36x49: 41 35 42 55 51 46
46x48: 41 38 31 50 40 40
41x39: 21 27 27 30 30 34
46x49: 41 41 43 31 38 45
43x38: 41 36 34 49 37 54
46x40: 27 34 34 33 33 33
42x46: 66 46 34 54 44 53
35x40: 26 28 22 24 23 19
41x39: 38 39 52 42 34 41
42x39: 41 39 46 45 30 51
35x47: 28 22 31 24 28 32
49x50: 66 61 68 58 55 68
42x42: 43 50 41 53 41 46
35x41: 40 44 43 29 33 33
36x38: 24 22 23 17 29 28
48x50: 40 43 46 40 45 42
48x36: 35 35 25 33 28 36
45x45: 51 53 46 52 48 62
50x49: 63 56 68 68 55 66
37x45: 51 32 40 40 48 42
35x48: 29 24 25 36 27 34
45x48: 38 34 37 47 45 38
42x38: 36 44 50 44 36 37
48x38: 36 29 34 30 34 28
41x46: 31 34 35 33 34 28
43x40: 33 24 35 22 39 28
48x37: 55 47 43 53 39 38
41x45: 32 37 35 27 32 32
45x35: 40 46 34 46 33 46
37x41: 21 23 27 34 22 28
39x37: 33 37 35 42 46 30
47x39: 32 34 20 37 39 33
44x47: 50 71 49 55 47 52
47x42: 36 32 29 34 33 46
37x47: 29 21 34 28 39 29
49x42: 37 31 38 41 34 42
48x48: 53 66 58 67 58 56
36x48: 54 31 46 49 42 41
46x43: 33 28 36 33 36 43
39x39: 31 22 26 32 27 31
46x38: 28 31 35 27 34 25
39x48: 63 47 40 42 48 47
50x50: 42 33 39 51 47 43
44x41: 34 26 23 42 26 31
46x38: 57 52 47 49 30 37
39x50: 35 33 36 37 35 32
45x37: 35 34 26 23 28 34
36x39: 31 28 18 23 23 32
36x36: 23 20 28 30 24 19
50x43: 58 50 52 59 51 60
40x40: 32 30 24 24 32 26
45x42: 46 51 47 49 53 46
40x39: 29 27 35 22 31 25
41x38: 39 22 16 21 30 28
49x39: 21 32 36 41 43 34
35x41: 43 31 29 34 44 38
41x35: 23 17 27 26 25 24
42x41: 42 35 47 47 39 53
36x38: 23 29 17 20 32 22
41x40: 31 24 26 31 31 26
38x37: 24 24 25 22 21 28
36x46: 43 38 38 43 49 43
48x38: 52 29 54 49 49 43
50x41: 55 47 48 59 50 56
50x40: 32 40 34 32 36 33
44x43: 39 32 25 29 37 33
39x48: 31 36 38 36 30 37
50x45: 56 51 62 55 57 63
40x35: 19 30 26 24 13 31
44x39: 32 33 34 25 32 26
38x42: 31 29 25 26 29 27
36x41: 16 24 32 25 29 30
42x47: 42 34 39 27 34 34
50x50: 63 55 73 70 56 66
39x36: 40 42 43 30 31 31
44x43: 53 55 45 55 42 44
42x35: 21 25 26 32 21 29
50x47: 47 40 45 41 32 34
39x50: 57 42 53 44 52 49
38x44: 53 44 35 38 41 46
36x42: 27 32 31 24 27 27
37x48: 28 34 43 21 36 29
45x46: 24 40 32 43 44 41
36x50: 41 40 59 49 41 46
37x48: 34 33 24 23 42 36
41x38: 35 25 28 22 25 21
44x48: 37 32 38 40 39 38
42x49: 38 32 47 33 34 39
47x48: 41 44 44 44 40 26
42x43: 54 52 40 48 45 41
40x38: 45 46 41 32 34 37
44x35: 29 30 25 26 23 20
46x41: 48 43 50 43 50 54
43x43: 36 34 36 31 29 30
44x42: 50 41 58 48 46 40
48x44: 53 48 50 52 53 67
44x41: 27 23 27 38 32 35
48x40: 33 53 55 59 56 42
49x39: 54 52 49 40 53 46
36x46: 59 52 35 29 48 33
43x42: 36 34 34 30 31 31
37x39: 42 29 32 38 43 36
41x45: 44 48 37 53 56 47
41x42: 30 29 29 28 26 39
50x43: 41 51 30 41 36 25
41x37: 31 40 48 33 44 37
36x39: 34 36 36 40 41 30
42x44: 38 33 29 24 35 37
36x50: 44 46 54 46 47 40
47x42: 53 43 45 60 50 52
43x46: 45 59 50 51 51 51
41x39: 33 26 32 25 23 29
39x49: 27 43 36 43 30 29
42x48: 44 26 44 33 41 35
39x36: 36 40 36 34 45 26
42x43: 58 59 42 49 32 42
45x45: 42 36 41 39 32 35
50x49: 48 37 40 42 35 53
46x47: 61 50 53 53 59 55
45x38: 27 35 24 29 33 31
50x41: 22 29 39 39 41 37
50x49: 40 39 40 50 40 47
38x39: 25 18 38 20 27 27
46x37: 42 41 35 49 43 52
38x40: 40 51 35 34 43 34
47x39: 53 35 50 54 42 46
49x42: 38 28 34 43 42 39
35x42: 27 33 26 24 25 18
48x50: 39 37 44 47 38 51
48x35: 39 31 30 21 27 27
47x39: 32 28 35 36 32 32
50x39: 48 44 56 59 45 48
43x49: 32 42 33 45 31 41
49x48: 67 63 60 48 55 68
41x41: 15 28 30 32 32 31
45x37: 47 37 40 51 41 40
46x48: 62 46 59 58 49 63
42x45: 58 42 46 54 43 47
35x39: 32 35 38 33 39 33
49x49: 65 54 66 64 52 67
48x40: 48 39 47 51 48 60
47x35: 30 57 47 39 45 39
39x45: 26 31 30 33 37 38
45x47: 59 57 58 52 50 50
48x47: 65 49 71 45 56 57
50x50: 64 61 85 43 69 59
39x39: 41 29 40 43 44 35
40x42: 30 41 41 48 50 49
38x42: 36 43 37 53 36 43
46x36: 32 32 26 32 32 26
36x44: 30 35 24 19 39 20
40x49: 48 49 46 47 63 48
50x41: 55 42 45 62 51 59
48x37: 39 43 38 48 51 54
39x42: 52 57 37 38 31 41
46x45: 43 44 29 35 32 41
36x49: 32 42 32 15 28 43
44x37: 42 39 46 36 43 43
46x38: 35 41 43 50 47 53
39x41: 26 40 21 26 28 28
43x37: 40 44 30 48 40 45
47x44: 70 48 49 59 45 47
43x39: 47 50 45 33 37 47
49x46: 51 39 40 33 36 40
50x41: 35 48 24 36 31 33
46x50: 48 51 61 59 66 67
44x44: 38 29 38 33 29 28
49x43: 65 66 42 47 53 54
37x46: 39 36 24 25 26 30
46x38: 27 36 32 23 31 30
42x40: 49 50 40 44 33 45
44x39: 30 28 26 37 29 32
40x35: 28 27 20 26 20 22
38x47: 23 39 24 35 32 26
36x49: 41 32 22 35 26 36
46x46: 52 47 48 55 67 55
39x41: 26 36 26 20 28 33
50x38: 32 39 26 33 22 39
37x49: 33 34 29 31 37 27
45x48: 51 60 53 62 54 55
41x48: 59 47 42 50 45 59
35x49: 42 36 46 45 49 44
45x37: 28 25 39 31 33 24
39x36: 35 35 32 30 38 45
38x50: 27 38 34 20 34 39
41x50: 29 39 29 34 40 36
42x43: 42 27 33 31 32 31
41x36: 34 22 24 21 37 17
45x48: 47 40 36 38 38 41
42x45: 43 27 32 42 35 31
45x41: 47 40 46 46 57 46
40x37: 28 26 25 22 26 29
45x45: 46 41 28 33 38 39
44x40: 42 52 49 45 42 43
45x35: 23 29 21 31 30 30
37x45: 36 41 36 56 35 54
39x43: 30 27 37 25 35 28
46x38: 44 56 49 48 36 40
41x40: 25 26 29 19 30 40
46x41: 44 66 52 51 45 38
35x39: 24 18 24 26 27 24
43x39: 21 24 36 27 41 32
38x40: 20 28 27 28 30 23
43x38: 24 26 32 27 22 36
47x35: 27 27 28 26 31 25
48x43: 42 50 69 53 58 45
41x37: 33 34 42 44 46 34
42x45: 55 43 54 59 42 38
48x36: 44 35 53 35 55 40
38x46: 25 25 35 21 38 36
50x38: 45 52 52 58 42 46
49x49: 62 68 50 51 57 82
47x37: 44 47 52 40 44 41
48x42: 34 40 32 40 47 30
47x48: 34 47 36 38 50 34
48x44: 38 39 29 36 36 45
37x36: 33 37 35 26 36 38
49x50: 61 55 64 63 63 69
40x47: 61 28 49 49 44 53
41x38: 40 39 49 36 38 37
44x36: 26 29 18 37 28 29
46x44: 44 28 34 27 41 36
40x46: 46 48 54 35 46 53
50x43: 28 38 46 48 34 30
48x41: 27 37 37 34 40 32
35x48: 31 28 22 33 27 34
47x40: 47 54 50 48 52 40
41x41: 26 36 23 25 20 39
45x35: 24 38 25 22 30 26
37x35: 23 25 20 24 25 14
39x50: 35 24 39 40 27 43
49x46: 46 34 38 41 33 48
49x49: 44 42 34 38 46 52
49x46: 38 40 51 35 45 30
44x35: 25 29 25 26 20 29
49x37: 36 60 32 60 50 47
41x47: 29 35 27 32 33 38
41x45: 49 46 54 36 44 53
39x35: 29 45 37 33 31 38
35x46: 48 34 45 36 38 44
36x39: 25 36 43 35 39 38
50x49: 77 69 50 63 58 62
40x41: 36 53 41 45 38 43
47x40: 38 30 37 31 25 33
45x42: 30 34 33 32 37 43
48x38: 48 44 45 47 38 58
43x42: 50 37 46 51 42 50
50x45: 40 43 42 35 36 43
43x43: 43 56 53 52 41 43
48x46: 36 40 45 44 38 37
36x40: 36 44 31 39 31 43
42x46: 35 38 28 31 44 33
43x38: 28 29 21 34 28 28
45x37: 27 32 29 20 34 37
35x47: 43 36 40 38 49 45
40x44: 47 46 43 49 42 45
37x41: 27 24 29 21 27 28
38x40: 28 28 26 22 32 19
37x38: 23 19 26 28 21 27
46x40: 25 32 43 28 21 45
43x49: 32 31 40 47 41 33
41x43: 31 32 35 21 30 32
39x36: 28 23 32 29 21 23
44x35: 39 43 39 32 40 44
46x39: 65 41 44 39 42 43
41x48: 33 36 31 36 37 34
48x40: 38 43 26 38 37 26
42x50: 32 45 38 36 42 31
45x50: 58 64 69 57 55 45
40x36: 18 27 29 34 26 21
40x37: 25 23 35 21 26 26
36x39: 32 32 26 26 17 22
50x50: 39 52 44 38 48 35
46x36: 34 53 42 43 40 46
35x37: 30 28 36 34 37 33
43x40: 44 40 44 47 44 45
38x41: 40 58 45 31 33 37
49x43: 36 33 42 36 33 44
50x39: 32 40 28 37 37 33
50x40: 28 29 43 41 33 34
48x50: 41 37 60 37 44 36
37x35: 35 36 32 38 31 29
49x43: 54 70 47 41 47 68
41x44: 28 28 30 33 29 34
44x37: 47 39 44 42 37 41
42x36: 42 34 36 36 47 36
42x43: 33 45 24 33 37 24
37x37: 18 23 32 18 21 32
46x35: 37 28 22 24 33 20
38x42: 30 31 27 29 26 25
50x35: 31 31 26 26 36 26
45x48: 42 43 43 40 38 33
45x45: 49 28 36 36 35 40
36x41: 50 35 33 42 37 30
46x36: 33 28 31 30 26 32
37x36: 34 38 35 33 39 27
39x44: 42 49 46 39 49 40
44x37: 31 40 37 41 46 55
45x46: 43 53 51 49 61 61
38x39: 29 26 32 23 26 19
47x48: 34 50 43 43 34 35
43x50: 57 55 49 48 63 58
36x36: 30 18 25 20 33 18
40x39: 25 28 31 24 28 32
38x40: 34 46 42 31 49 33
39x40: 37 41 36 44 51 32
47x48: 44 40 43 44 37 31
43x44: 44 53 47 59 53 38
40x48: 39 51 49 48 55 54
49x42: 59 47 51 50 56 52
37x38: 30 39 36 33 36 43
42x37: 29 24 25 27 30 32
48x49: 62 58 44 71 68 60
46x39: 48 46 49 43 45 45
35x50: 20 31 23 34 35 33
39x45: 40 27 34 28 32 33
42x44: 50 44 44 42 38 65
47x35: 44 37 46 36 40 48
42x35: 22 23 32 22 28 26
43x47: 29 36 47 22 33 43
42x47: 57 56 49 55 37 52
49x38: 30 32 42 31 30 26
35x37: 34 14 19 16 23 26
41x42: 40 43 36 44 48 54
41x48: 55 29 61 44 59 48
36x44: 29 21 30 29 31 27
